<?xml version="1.0"?>
<opencv_storage>
<images type_id="opencv-matrix">
  <rows>25</rows>
  <cols>600</cols>
  <dt>f</dt>
  <data>
    0. 255. 255. 0. 0. 0. 0. 0. 0. 0. 0. 0. 0. 0. 0. 0. 166. 0. 0. 0. 6.
    255. 255. 253. 0. 0. 0. 0. 0. 0. 0. 0. 0. 0. 251. 255. 255. 0. 0. 0.
    255. 255. 255. 255. 255. 46. 0. 0. 0. 0. 0. 0. 40. 255. 255. 255.
    255. 0. 0. 0. 255. 255. 255. 255. 255. 185. 0. 0. 0. 0. 0. 0. 159.
    255. 255. 255. 255. 0. 0. 0. 255. 255. 255. 255. 255. 185. 0. 0. 0.
    0. 0. 0. 255. 255. 255. 255. 255. 0. 0. 0. 255. 255. 255. 255. 255.
    0. 0. 0. 0. 0. 0. 0. 255. 255. 255. 255. 255. 0. 0. 0. 255. 255.
    255. 255. 255. 0. 0. 0. 0. 0. 0. 0. 255. 255. 255. 255. 255. 0. 0.
    0. 255. 255. 255. 255. 255. 0. 0. 0. 0. 0. 0. 0. 255. 255. 255. 255.
    255. 0. 0. 0. 255. 255. 255. 255. 255. 0. 0. 0. 0. 0. 0. 0. 255.
    255. 255. 255. 255. 255. 255. 255. 255. 255. 255. 255. 255. 0. 0. 0.
    0. 0. 0. 51. 255. 255. 255. 255. 255. 255. 255. 255. 255. 255. 255.
    255. 255. 0. 0. 0. 0. 0. 0. 147. 255. 255. 255. 255. 255. 255. 255.
    255. 13. 255. 255. 255. 255. 242. 242. 242. 0. 0. 0. 147. 255. 255.
    255. 67. 0. 0. 0. 255. 0. 0. 191. 255. 255. 255. 255. 255. 255. 255.
    255. 255. 255. 255. 70. 0. 0. 0. 0. 191. 0. 0. 0. 255. 255. 255.
    255. 255. 255. 255. 255. 255. 255. 255. 70. 0. 0. 0. 0. 0. 0. 0. 0.
    0. 255. 255. 255. 255. 255. 255. 255. 255. 255. 255. 70. 0. 0. 0. 0.
    0. 0. 0. 0. 0. 0. 0. 0. 0. 0. 0. 0. 255. 255. 255. 255. 255. 0. 0.
    0. 255. 0. 0. 0. 0. 0. 0. 0. 0. 0. 0. 0. 255. 255. 255. 255. 57. 0.
    0. 0. 248. 0. 0. 0. 0. 0. 0. 0. 0. 0. 0. 0. 255. 255. 255. 255. 57.
    0. 0. 0. 0. 0. 0. 0. 0. 0. 0. 0. 0. 0. 0. 0. 255. 255. 255. 255. 0.
    0. 0. 0. 0. 0. 0. 0. 0. 0. 0. 0. 0. 0. 0. 0. 255. 255. 255. 255. 0.
    0. 0. 0. 249. 0. 0. 0. 0. 0. 0. 0. 0. 0. 0. 0. 255. 255. 255. 255.
    37. 0. 0. 0. 0. 0. 0. 0. 0. 0. 0. 0. 0. 0. 0. 0. 255. 255. 255. 255.
    0. 0. 0. 0. 0. 0. 0. 0. 0. 0. 0. 0. 0. 0. 0. 134. 255. 255. 255.
    255. 0. 0. 0. 0. 0. 0. 0. 0. 0. 0. 0. 0. 0. 0. 0. 0. 255. 255. 255.
    255. 0. 0. 0. 0. 0. 0. 0. 0. 0. 0. 0. 0. 0. 0. 0. 0. 163. 255. 255.
    255. 0. 0. 0. 0. 0. 0. 0. 0. 0. 0. 0. 0. 0. 0. 0. 0. 0. 0. 243. 255.
    38. 38. 0. 0. 0. 0. 0. 0. 0. 0. 0. 0. 0. 0. 0. 0. 0. 0. 0. 0. 0.
    210. 0. 0. 0. 0. 0. 0. 0. 0. 0. 0. 0. 0. 0. 0. 0. 0. 0. 0. 0. 210.
    0. 0. 0. 0. 0. 0. 0. 0. 0. 0. 0. 0. 0. 0. 0. 0. 0. 0. 0. 255. 255.
    255. 255. 0. 0. 0. 0. 0. 0. 0. 0. 0. 0. 0. 0. 0. 0. 0. 0. 255. 0. 0.
    0. 0. 0. 0. 0. 0. 0. 0. 0. 0. 0. 0. 122. 255. 243. 44. 0. 0. 0. 0.
    0. 0. 0. 0. 0. 0. 0. 0. 0. 21. 255. 255. 255. 255. 255. 255. 6. 0.
    0. 0. 0. 0. 0. 0. 0. 0. 101. 252. 255. 255. 255. 255. 255. 255. 255.
    255. 6. 0. 0. 0. 0. 0. 0. 0. 0. 6. 255. 255. 255. 255. 255. 255.
    255. 255. 255. 121. 0. 0. 0. 0. 0. 0. 0. 0. 0. 6. 255. 255. 255.
    255. 255. 255. 255. 255. 255. 121. 0. 0. 0. 0. 0. 0. 0. 0. 0. 6.
    255. 255. 255. 255. 255. 255. 255. 255. 255. 121. 0. 0. 0. 0. 0. 0.
    0. 0. 0. 197. 255. 255. 255. 255. 255. 255. 255. 255. 255. 121. 0.
    0. 0. 0. 0. 0. 0. 0. 0. 255. 255. 255. 255. 255. 255. 255. 255. 255.
    255. 121. 0. 0. 0. 0. 0. 0. 0. 0. 0. 255. 255. 255. 255. 255. 255.
    255. 255. 255. 236. 0. 0. 0. 0. 0. 0. 0. 0. 0. 147. 255. 255. 255.
    255. 255. 255. 255. 255. 255. 236. 0. 0. 0. 0. 0. 0. 0. 0. 32. 255.
    255. 255. 255. 255. 255. 255. 255. 255. 255. 236. 0. 0. 0. 0. 0. 0.
    0. 0. 32. 255. 255. 255. 255. 255. 255. 255. 255. 255. 255. 236. 0.
    0. 0. 0. 0. 0. 42. 42. 69. 255. 255. 255. 255. 255. 255. 255. 255.
    255. 255. 236. 0. 0. 0. 0. 0. 0. 26. 26. 26. 26. 26. 135. 255. 255.
    255. 255. 255. 255. 255. 236. 0. 0. 0. 0. 0. 0. 0. 0. 0. 0. 0. 0.
    236. 255. 255. 255. 138. 94. 94. 94. 94. 94. 54. 0. 0. 0. 0. 0. 0.
    0. 0. 0. 236. 255. 255. 255. 70. 0. 0. 0. 0. 0. 0. 0. 255. 255. 0.
    0. 0. 0. 0. 0. 236. 255. 255. 255. 70. 0. 0. 0. 0. 0. 0. 0. 255.
    255. 0. 0. 255. 255. 255. 255. 255. 255. 255. 255. 255. 210. 0. 0.
    0. 0. 0. 0. 255. 90. 0. 0. 255. 255. 255. 255. 255. 255. 255. 255.
    255. 255. 255. 255. 255. 255. 255. 255. 255. 57. 0. 0. 255. 255.
    255. 255. 255. 255. 255. 255. 255. 255. 95. 0. 0. 0. 0. 0. 0. 0. 0.
    0. 255. 255. 255. 255. 255. 255. 255. 255. 255. 255. 95. 0. 0. 0. 0.
    0. 0. 0. 0. 132. 255. 255. 255. 255. 255. 255. 255. 255. 255. 255.
    96. 0. 0. 0. 0. 0. 0. 0. 0. 172. 255. 255. 255. 255. 255. 255. 255.
    255. 255. 0. 0. 0. 0. 0. 0. 0. 0. 0. 0. 172. 255. 255. 255. 255.
    255. 255. 255. 255. 255. 0. 0. 0. 0. 0. 0. 0. 0. 0. 57. 255. 255.
    255. 255. 255. 255. 255. 255. 255. 255. 0. 0. 0. 0. 0. 0. 223. 255.
    255. 57. 255. 255. 255. 255. 255. 255. 255. 255. 255. 255. 0. 0. 0.
    0. 0. 0. 0. 0. 0. 57. 255. 255. 255. 255. 255. 255. 255. 255. 255.
    255. 255. 255. 255. 255. 255. 147. 0. 0. 0. 0. 0. 218. 255. 255.
    255. 255. 255. 255. 255. 70. 0. 0. 0. 0. 0. 0. 0. 0. 0. 0. 0. 0. 0.
    31. 255. 255. 255. 255. 255. 70. 0. 0. 0. 0. 0. 0. 0. 0. 0. 0. 0. 0.
    0. 0. 44. 243. 255. 255. 255. 70. 0. 0. 0. 0. 0. 0. 0. 0. 0. 255.
    255. 255. 255. 255. 255. 255. 255. 255. 255. 255. 255. 140. 0. 0. 0.
    0. 0. 0. 0. 80. 255. 255. 255. 255. 255. 255. 255. 255. 255. 255.
    255. 255. 228. 166. 0. 0. 0. 0. 0. 0. 0. 159. 255. 255. 255. 255.
    255. 255. 255. 255. 255. 255. 255. 255. 19. 0. 0. 0. 0. 0. 0. 0. 38.
    255. 38. 38. 38. 38. 38. 255. 255. 255. 255. 255. 25. 0. 0. 0. 0. 0.
    0. 0. 0. 0. 0. 0. 0. 0. 0. 255. 255. 255. 255. 255. 26. 0. 0. 0. 0.
    0. 0. 0. 0. 0. 0. 0. 0. 0. 0. 255. 255. 255. 255. 255. 26. 0. 0. 0.
    0. 0. 0. 0. 0. 0. 0. 0. 0. 0. 0. 255. 255. 255. 255. 255. 0. 0. 0.
    0. 0. 0. 0. 0. 0. 0. 0. 0. 0. 0. 25. 255. 255. 255. 255. 255. 0. 0.
    0. 0. 0. 0. 0. 0. 0. 0. 0. 0. 0. 0. 25. 255. 255. 255. 255. 255. 0.
    0. 0. 0. 0. 0. 0. 0. 0. 0. 0. 0. 0. 0. 25. 255. 255. 255. 255. 229.
    0. 0. 0. 0. 0. 0. 0. 0. 0. 0. 0. 0. 0. 0. 255. 255. 255. 255. 255.
    229. 0. 0. 0. 0. 0. 0. 0. 0. 0. 0. 0. 0. 0. 0. 255. 255. 255. 255.
    255. 229. 0. 0. 0. 0. 0. 0. 0. 0. 0. 0. 0. 0. 0. 0. 255. 255. 255.
    255. 255. 229. 0. 0. 0. 0. 0. 0. 0. 0. 0. 0. 0. 0. 0. 0. 0. 233.
    255. 255. 38. 0. 0. 0. 0. 217. 0. 0. 0. 0. 0. 242. 24. 0. 0. 0. 0.
    229. 255. 255. 0. 0. 0. 0. 0. 0. 0. 0. 0. 0. 0. 255. 26. 0. 0. 0. 0.
    229. 255. 255. 0. 0. 0. 0. 0. 0. 0. 0. 0. 0. 0. 0. 0. 0. 0. 0. 38.
    255. 255. 255. 179. 0. 0. 0. 0. 0. 0. 0. 0. 0. 0. 0. 0. 0. 0. 0.
    255. 255. 255. 255. 255. 0. 0. 0. 0. 0. 0. 0. 0. 0. 0. 0. 0. 0. 0.
    0. 255. 255. 255. 255. 255. 0. 0. 0. 0. 0. 0. 0. 0. 0. 0. 0. 0. 0.
    0. 76. 255. 255. 255. 255. 255. 0. 0. 0. 0. 0. 0. 0. 0. 0. 0. 0. 0.
    0. 0. 76. 255. 255. 255. 255. 255. 0. 0. 0. 0. 0. 0. 0. 0. 0. 0. 0.
    0. 0. 0. 192. 255. 255. 255. 255. 179. 0. 0. 0. 0. 0. 0. 0. 0. 0. 0.
    0. 0. 0. 0. 255. 255. 255. 255. 255. 45. 0. 0. 0. 0. 0. 0. 0. 0. 0.
    0. 0. 0. 0. 0. 255. 255. 255. 255. 255. 0. 0. 0. 0. 0. 0. 0. 0. 0.
    0. 0. 0. 0. 0. 0. 255. 255. 255. 255. 255. 0. 0. 0. 0. 0. 0. 0. 0.
    0. 0. 0. 0. 0. 0. 0. 255. 255. 255. 255. 255. 0. 0. 0. 0. 0. 0. 0.
    0. 0. 0. 0. 0. 0. 0. 0. 217. 255. 255. 255. 255. 255. 255. 255. 255.
    38. 38. 38. 0. 0. 0. 0. 0. 0. 0. 0. 0. 19. 249. 255. 255. 255. 255.
    255. 255. 255. 255. 255. 0. 0. 0. 0. 0. 0. 0. 0. 0. 0. 0. 166. 166.
    166. 166. 246. 255. 255. 255. 255. 0. 0. 0. 0. 0. 0. 0. 0. 0. 0. 0.
    0. 0. 0. 0. 229. 255. 255. 255. 255. 0. 0. 0. 0. 0. 0. 0. 127. 255.
    255. 255. 255. 255. 255. 255. 20. 0. 0. 0. 0. 0. 0. 0. 0. 0. 0. 54.
    255. 255. 255. 255. 255. 255. 255. 255. 0. 0. 0. 0. 0. 25. 0. 0. 0.
    0. 0. 255. 255. 255. 255. 255. 255. 255. 255. 0. 0. 0. 0. 0. 0. 16.
    0. 0. 0. 0. 0. 255. 255. 255. 0. 0. 0. 0. 0. 0. 0. 0. 0. 0. 0. 0. 0.
    0. 0. 0. 0. 255. 255. 255. 0. 0. 0. 0. 0. 0. 0. 0. 0. 0. 0. 0. 0. 0.
    0. 0. 0. 255. 255. 255. 0. 0. 0. 0. 0. 0. 0. 0. 0. 0. 0. 0. 0. 0. 0.
    0. 0. 255. 255. 255. 0. 0. 0. 0. 0. 0. 0. 0. 0. 0. 0. 0. 0. 0. 0. 0.
    0. 255. 255. 255. 0. 0. 0. 0. 0. 0. 0. 0. 0. 0. 0. 0. 0. 0. 0. 0. 0.
