<?xml version="1.0"?>
<opencv_storage>
<classifications type_id="opencv-matrix">
  <rows>25</rows>
  <cols>1</cols>
  <dt>i</dt>
  <data>
    52 49 55 54 48 48 53 52 48 48 51 55 56 57 52 48 53 53 48 48 49 56 50
    51 50</data></classifications>
</opencv_storage>
