<?xml version="1.0"?>
<opencv_storage>
<classifications type_id="opencv-matrix">
  <rows>28</rows>
  <cols>1</cols>
  <dt>i</dt>
  <data>
    53 56 51 49 49 48 56 55 51 51 49 44 50 49 50 56 56 50 48 48 44 57 51
    54 57 50 51 48</data></classifications>
</opencv_storage>
