<?xml version="1.0"?>
<opencv_storage>
<images type_id="opencv-matrix">
  <rows>28</rows>
  <cols>600</cols>
  <dt>f</dt>
  <data>
    0. 0. 0. 0. 0. 0. 0. 0. 0. 0. 0. 0. 0. 0. 221. 255. 0. 0. 0. 0. 0.
    0. 40. 43. 0. 0. 0. 0. 0. 0. 0. 241. 0. 0. 241. 191. 0. 0. 0. 0.
    121. 255. 247. 0. 0. 0. 0. 0. 0. 0. 0. 0. 0. 0. 0. 0. 0. 0. 0. 0.
    121. 255. 13. 0. 0. 0. 0. 0. 0. 0. 0. 0. 0. 0. 0. 0. 0. 0. 0. 0.
    121. 174. 0. 0. 0. 0. 0. 0. 0. 0. 0. 0. 0. 244. 255. 255. 255. 255.
    255. 91. 255. 147. 0. 183. 255. 255. 255. 255. 255. 255. 151. 149.
    242. 255. 255. 255. 255. 255. 255. 255. 255. 86. 0. 255. 255. 255.
    255. 255. 255. 255. 255. 255. 255. 167. 149. 41. 0. 215. 255. 255.
    100. 0. 0. 255. 255. 241. 0. 191. 250. 191. 191. 250. 199. 0. 0. 0.
    0. 159. 255. 155. 0. 0. 0. 255. 255. 0. 0. 0. 0. 0. 0. 0. 0. 0. 0.
    0. 0. 159. 255. 255. 0. 0. 0. 255. 255. 0. 193. 0. 0. 0. 0. 0. 0. 0.
    0. 0. 0. 159. 255. 255. 0. 0. 0. 255. 255. 255. 255. 0. 0. 5. 191.
    196. 0. 0. 0. 202. 0. 40. 255. 255. 0. 0. 0. 255. 255. 106. 19. 0.
    0. 0. 104. 0. 0. 0. 0. 0. 0. 93. 255. 255. 0. 0. 0. 255. 255. 0. 0.
    0. 0. 0. 0. 0. 0. 19. 0. 0. 0. 66. 255. 255. 0. 0. 0. 255. 255. 49.
    0. 0. 0. 0. 0. 0. 0. 44. 0. 0. 0. 159. 255. 255. 0. 0. 0. 255. 255.
    197. 0. 3. 0. 0. 0. 0. 0. 0. 0. 0. 0. 0. 255. 255. 0. 0. 0. 255.
    255. 250. 0. 3. 0. 0. 0. 0. 0. 0. 0. 0. 0. 88. 255. 255. 0. 0. 0.
    255. 255. 197. 0. 0. 0. 0. 0. 0. 56. 33. 0. 0. 0. 183. 255. 255. 0.
    0. 0. 255. 255. 198. 0. 0. 0. 0. 0. 0. 0. 19. 0. 0. 0. 159. 255.
    255. 0. 0. 0. 255. 255. 0. 0. 0. 0. 0. 0. 0. 0. 0. 0. 29. 0. 159.
    255. 255. 164. 0. 0. 255. 255. 49. 0. 0. 64. 62. 0. 0. 0. 0. 0. 139.
    0. 159. 255. 255. 234. 0. 0. 255. 255. 255. 21. 50. 255. 255. 255.
    255. 50. 4. 0. 0. 0. 159. 255. 255. 0. 0. 0. 255. 255. 255. 255.
    255. 255. 255. 255. 255. 255. 237. 53. 0. 0. 13. 255. 255. 91. 0. 0.
    126. 255. 255. 255. 255. 255. 255. 69. 64. 231. 255. 255. 255. 62.
    0. 255. 255. 177. 147. 0. 0. 0. 0. 0. 0. 0. 0. 0. 0. 0. 88. 255.
    255. 83. 0. 255. 255. 71. 255. 0. 0. 0. 0. 0. 0. 0. 0. 0. 0. 0. 0.
    255. 255. 48. 0. 255. 255. 0. 0. 0. 62. 139. 0. 0. 0. 0. 0. 186. 78.
    0. 0. 255. 255. 0. 0. 255. 255. 0. 0. 0. 0. 0. 0. 0. 0. 0. 0. 0.
    255. 0. 0. 255. 255. 164. 0. 255. 255. 0. 0. 0. 0. 0. 0. 0. 0. 0. 0.
    0. 255. 0. 0. 255. 255. 83. 146. 255. 255. 0. 0. 0. 0. 0. 0. 0. 0.
    0. 0. 0. 255. 0. 0. 255. 255. 0. 159. 255. 255. 0. 0. 0. 0. 0. 0. 0.
    0. 0. 0. 0. 117. 0. 0. 255. 255. 0. 159. 255. 255. 0. 0. 0. 0. 0. 0.
    153. 255. 255. 125. 255. 255. 255. 250. 0. 0. 0. 0. 0. 0. 0. 0. 0.
    0. 71. 255. 3. 0. 0. 181. 247. 0. 0. 0. 255. 222. 0. 0. 0. 0. 0. 0.
    0. 13. 166. 0. 0. 0. 255. 255. 255. 255. 255. 0. 0. 0. 255. 0. 0. 0.
    0. 0. 0. 255. 255. 0. 255. 0. 0. 0. 0. 0. 0. 255. 184. 0. 0. 255. 0.
    0. 0. 0. 255. 0. 0. 255. 0. 0. 0. 0. 0. 0. 0. 0. 54. 155. 0. 38.
    115. 0. 0. 0. 255. 8. 0. 155. 0. 0. 0. 0. 0. 0. 0. 0. 0. 255. 0. 0.
    255. 0. 0. 0. 255. 0. 89. 0. 0. 0. 0. 0. 0. 0. 0. 0. 0. 0. 206. 0.
    255. 0. 0. 255. 255. 0. 89. 0. 0. 0. 0. 0. 0. 0. 0. 0. 89. 0. 255.
    0. 255. 0. 0. 0. 255. 0. 0. 122. 0. 0. 0. 0. 0. 0. 0. 0. 0. 166. 13.
    0. 255. 0. 0. 0. 229. 0. 0. 255. 0. 0. 0. 0. 0. 0. 0. 0. 0. 255. 97.
    0. 255. 0. 0. 0. 0. 255. 0. 0. 255. 0. 0. 0. 0. 0. 0. 0. 255. 0. 0.
    255. 0. 0. 0. 0. 0. 3. 237. 0. 0. 255. 255. 0. 0. 92. 242. 255. 122.
    0. 194. 191. 0. 0. 0. 0. 0. 0. 0. 255. 0. 0. 0. 0. 0. 0. 0. 0. 0.
    255. 0. 0. 0. 0. 0. 0. 0. 0. 0. 255. 0. 0. 0. 0. 43. 0. 0. 0. 0.
    237. 61. 0. 0. 0. 0. 0. 0. 109. 219. 189. 0. 140. 255. 153. 0. 153.
    255. 255. 0. 36. 145. 0. 0. 0. 0. 0. 76. 255. 0. 0. 250. 0. 0. 0. 0.
    0. 0. 0. 255. 0. 0. 255. 0. 0. 0. 0. 255. 0. 0. 237. 3. 0. 115. 0.
    0. 0. 0. 0. 0. 255. 242. 0. 255. 0. 0. 0. 255. 13. 0. 255. 0. 0. 0.
    0. 0. 0. 0. 0. 0. 166. 13. 191. 255. 0. 0. 0. 255. 0. 0. 89. 0. 0.
    0. 0. 0. 0. 0. 0. 133. 0. 255. 0. 232. 0. 23. 0. 255. 0. 89. 54. 0.
    0. 0. 0. 0. 0. 0. 0. 0. 0. 255. 102. 140. 0. 0. 0. 255. 0. 89. 0. 0.
    0. 0. 0. 0. 0. 0. 0. 0. 0. 255. 0. 255. 0. 0. 0. 255. 0. 89. 89. 0.
    0. 0. 0. 0. 0. 0. 0. 0. 0. 255. 0. 255. 0. 0. 0. 255. 0. 255. 0. 0.
    0. 0. 0. 0. 0. 0. 0. 0. 0. 13. 0. 255. 0. 0. 0. 255. 0. 89. 18. 0.
    0. 0. 0. 0. 0. 0. 0. 0. 0. 206. 0. 255. 0. 0. 0. 255. 0. 0. 89. 0.
    0. 0. 0. 0. 0. 0. 0. 0. 255. 242. 0. 255. 0. 0. 0. 255. 0. 0. 255.
    0. 0. 0. 0. 0. 0. 0. 0. 89. 155. 0. 178. 46. 0. 0. 0. 0. 242. 0. 0.
    255. 0. 0. 0. 0. 0. 0. 255. 184. 0. 3. 255. 0. 0. 0. 140. 0. 255. 0.
    89. 0. 255. 255. 255. 255. 255. 255. 255. 0. 0. 255. 0. 0. 0. 38. 0.
    0. 0. 255. 255. 0. 0. 0. 0. 0. 0. 0. 0. 51. 255. 0. 0. 0. 0. 0. 0.
    0. 0. 0. 0. 153. 255. 255. 255. 255. 255. 255. 255. 0. 0. 0. 0. 0.
    0. 0. 0. 0. 0. 0. 0. 0. 0. 255. 255. 255. 255. 255. 174. 0. 0. 0. 0.
    0. 0. 0. 0. 0. 0. 0. 0. 115. 255. 0. 0. 0. 0. 0. 0. 243. 140. 0. 0.
    0. 0. 0. 0. 255. 0. 0. 0. 147. 0. 0. 82. 255. 255. 236. 0. 104. 0.
    117. 0. 0. 0. 0. 0. 0. 0. 0. 255. 200. 0. 255. 12. 0. 0. 0. 170.
    195. 0. 236. 0. 0. 0. 0. 0. 0. 0. 20. 5. 0. 255. 0. 0. 0. 0. 255. 0.
    218. 0. 3. 255. 0. 0. 0. 210. 0. 0. 255. 0. 0. 32. 0. 0. 0. 0. 0. 0.
    0. 255. 0. 255. 0. 0. 62. 0. 0. 0. 255. 255. 255. 0. 0. 0. 0. 0. 0.
    0. 0. 255. 0. 0. 39. 0. 255. 0. 215. 255. 0. 0. 0. 255. 255. 255.
    255. 126. 255. 255. 255. 255. 59. 0. 0. 255. 70. 0. 0. 0. 0. 0. 0.
    0. 0. 0. 0. 0. 0. 0. 0. 209. 0. 95. 0. 0. 0. 0. 0. 0. 0. 0. 0. 0. 0.
    0. 0. 0. 0. 0. 6. 136. 0. 255. 0. 0. 0. 0. 0. 0. 0. 0. 0. 0. 0. 0.
    0. 0. 0. 51. 162. 0. 0. 221. 0. 0. 0. 0. 0. 0. 0. 0. 0. 0. 0. 255.
    255. 255. 255. 31. 70. 0. 255. 0. 0. 0. 0. 0. 159. 0. 0. 0. 0. 0. 0.
    255. 0. 0. 0. 0. 0. 255. 0. 0. 0. 0. 0. 0. 0. 0. 0. 0. 0. 0. 0. 146.
    0. 115. 0. 0. 0. 255. 0. 0. 0. 0. 0. 0. 0. 0. 0. 0. 0. 0. 0. 47. 0.
    0. 47. 255. 0. 0. 255. 0. 0. 0. 0. 0. 0. 0. 0. 0. 0. 0. 0. 0. 0. 0.
    0. 0. 255. 0. 0. 255. 0. 0. 0. 0. 0. 0. 0. 0. 0. 0. 0. 0. 0. 0. 0.
    0. 0. 255. 0. 255. 0. 0. 0. 0. 0. 0. 0. 0. 0. 0. 0. 0. 0. 0. 0. 0.
    0. 255. 0. 95. 0. 6. 0. 0. 0. 0. 0. 0. 0. 0. 0. 0. 0. 0. 0. 0. 0.
    255. 0. 69. 0. 0. 0. 0. 0. 0. 0. 0. 0. 0. 0. 0. 0. 0. 0. 0. 0. 255.
    0. 95. 0. 0. 0. 0. 0. 0. 0. 0. 0. 0. 0. 0. 0. 0. 0. 0. 0. 255. 0. 0.
    0. 0. 0. 0. 0. 0. 0. 0. 0. 0. 0. 0. 0. 0. 0. 0. 0. 255. 0. 95. 0. 0.
    0. 0. 0. 0. 0. 0. 0. 0. 0. 0. 0. 0. 0. 0. 0. 255. 0. 24. 0. 0. 0. 0.
    0. 0. 255. 225. 255. 0. 0. 0. 0. 0. 0. 0. 0. 255. 0. 114. 0. 0. 0.
    0. 0. 0. 255. 0. 108. 0. 0. 0. 0. 0. 0. 0. 0. 134. 132. 255. 0. 0.
    0. 0. 0. 0. 152. 0. 0. 255. 0. 0. 0. 0. 0. 0. 255. 0. 0. 255. 0. 0.
    0. 0. 0. 0. 0. 255. 23. 0. 255. 0. 0. 0. 0. 255. 0. 55. 240. 0. 0.
    0. 0. 0. 0. 0. 0. 249. 0. 242. 0. 106. 255. 255. 255. 0. 0. 71. 117.
    0. 0. 0. 0. 0. 0. 0. 0. 0. 255. 242. 0. 0. 0. 0. 0. 0. 243. 140. 0.
    0. 0. 0. 0. 0. 0. 0. 0. 0. 0. 0. 200. 255. 255. 255. 255. 255. 0. 0.
    0. 0. 0. 0. 0. 0. 0. 0. 0. 0. 0. 0. 0. 0. 0. 255. 255. 255. 255.
    255. 255. 255. 0. 0. 0. 0. 0. 0. 0. 0. 0. 0. 0. 55. 255. 251. 0. 0.
    0. 13. 18. 255. 0. 0. 0. 0. 0. 0. 0. 0. 0. 0. 255. 255. 255. 0. 0.
    0. 0. 0. 0. 255. 0. 0. 0. 0. 0. 0. 0. 3. 255. 255. 0. 0. 0. 0. 18.
    0. 0. 0. 0. 255. 0. 0. 0. 0. 0. 200. 255. 249. 92. 0. 0. 0. 0. 70.
    255. 108. 0. 0. 255. 255. 179. 0. 255. 255. 217. 0. 38. 0. 130. 0.
    0. 87. 255. 0. 0. 255. 6. 0. 0. 135. 255. 0. 255. 160. 0. 11. 0. 0.
    0. 255. 255. 0. 0. 0. 0. 255. 255. 0. 0. 159. 255. 0. 255. 255. 0.
    0. 0. 255. 255. 0. 0. 0. 0. 0. 0. 255. 6. 121. 0. 0. 255. 0. 246.
    255. 255. 242. 0. 0. 0. 0. 0. 0. 0. 0. 0. 108. 255. 0. 0. 0. 255. 0.
    0. 0. 0. 0. 0. 0. 0. 0. 0. 0. 0. 0. 0. 108. 255. 0. 12. 0. 255. 0.
    0. 0. 0. 0. 0. 0. 0. 0. 0. 0. 0. 0. 0. 0. 255. 129. 0. 0. 255. 70.
    0. 0. 0. 0. 0. 0. 0. 0. 0. 0. 0. 0. 0. 0. 255. 255. 0. 0. 255. 70.
    0. 0. 0. 0. 0. 0. 0. 0. 0. 0. 0. 0. 0. 0. 255. 0. 0. 0. 255. 70. 0.
    0. 0. 0. 0. 0. 0. 0. 0. 0. 0. 0. 0. 0. 255. 0. 0. 0. 255. 70. 0. 0.
